                                                                        [0m
                                                                        [0m
                          [38;2;190;89;7m[48;2;147;63;0m▀[38;2;204;110;36m[48;2;158;75;17m▀[38;2;199;112;45m[48;2;205;120;58m▀[38;2;189;92;17m[49m▄[38;2;177;95;35m▄[39m                                         [0m
                         [38;2;142;60;0m[48;2;127;52;0m▀[38;2;86;32;1m[48;2;77;29;2m▀[38;2;86;34;4m[48;2;107;48;11m▀[38;2;144;63;6m[48;2;126;59;17m▀[38;2;202;112;48m[48;2;169;82;19m▀[38;2;193;108;46m[48;2;195;106;42m▀[38;2;174;96;41m[48;2;176;86;17m▀[39m[49m                                        [0m
                [38;2;193;92;10m[48;2;154;69;7m▀[38;2;207;119;54m[48;2;203;116;55m▀[38;2;185;94;28m[48;2;182;84;11m▀[38;2;176;101;51m[48;2;169;76;7m▀[38;2;169;92;41m[49m▄[39m    [38;2;125;52;0m[48;2;129;54;2m▀[38;2;78;29;3m[48;2;79;29;1m▀[38;2;113;46;1m[48;2;114;46;0m▀[38;2;132;62;16m[48;2;133;59;10m▀[38;2;148;72;22m[48;2;142;74;33m▀[38;2;181;86;16m[48;2;167;76;9m▀[38;2;177;79;4m[48;2;187;99;36m▀[38;2;169;84;22m[48;2;178;91;28m▀[38;2;167;93;44m[49m▄[39m                                      [0m
               [38;2;140;61;3m[48;2;132;57;2m▀[38;2;94;36;0m[48;2;84;31;0m▀[38;2;172;88;30m[48;2;156;79;26m▀[38;2;199;116;62m[48;2;205;125;76m▀[38;2;166;72;3m[48;2;167;76;12m▀[38;2;161;70;2m[48;2;158;67;0m▀[38;2;163;89;42m[48;2;155;70;9m▀[38;2;159;92;51m[49m▄[39m [38;2;155;68;4m[48;2;149;62;0m▀[38;2;133;57;4m[48;2;135;59;5m▀[38;2;81;30;1m[48;2;85;32;1m▀[38;2;118;48;0m[48;2;122;50;1m▀[38;2;134;57;3m[48;2;135;56;0m▀[38;2;139;72;33m[48;2;137;67;23m▀[38;2;155;71;13m[48;2;149;73;23m▀[38;2;183;94;31m[48;2;171;76;3m▀[38;2;194;119;72m[48;2;192;116;69m▀[38;2;166;82;21m[48;2;171;85;24m▀[38;2;163;94;49m[49m▄[39m                                     [0m
               [38;2;129;56;3m[48;2;125;49;0m▀[38;2;82;31;3m[48;2;66;17;0m▀[38;2;145;71;21m[48;2;119;49;1m▀[38;2;195;109;51m[48;2;193;101;35m▀[38;2;167;80;21m[48;2;185;108;62m▀[38;2;156;65;0m[48;2;171;86;30m▀[38;2;149;60;0m[48;2;171;89;35m▀[38;2;147;71;23m[48;2;175;100;53m▀[38;2;149;91;61m[48;2;177;103;55m▀[38;2;144;61;0m[48;2;185;106;54m▀[38;2;135;59;9m[48;2;149;70;17m▀[38;2;89;35;4m[48;2;95;36;1m▀[38;2;127;53;2m[48;2;149;80;38m▀[38;2;139;59;3m[48;2;147;65;7m▀[38;2;139;67;21m[48;2;141;64;12m▀[38;2;146;72;24m[48;2;146;73;25m▀[38;2;169;75;3m[48;2;169;77;7m▀[38;2;183;101;47m[48;2;176;87;25m▀[38;2;178;95;38m[48;2;182;102;50m▀[38;2;162;84;30m[48;2;163;79;19m▀[39m[49m                                     [0m
              [38;2;211;157;127m▄[38;2;147;88;50m[48;2;212;151;117m▀[38;2;138;87;59m[48;2;216;141;97m▀[38;2;175;109;71m[48;2;207;118;60m▀[38;2;200;119;67m[48;2;199;102;34m▀[48;2;199;97;24m▀[38;2;201;119;67m[48;2;199;97;22m▀[38;2;202;116;60m[48;2;200;98;23m▀[38;2;202;110;49m[48;2;198;93;13m▀[38;2;199;100;29m[48;2;195;87;4m▀[38;2;199;102;32m[48;2;194;92;16m▀[38;2;179;83;11m[48;2;188;85;6m▀[38;2;155;66;0m[48;2;187;87;12m▀[38;2;160;74;14m[48;2;184;94;33m▀[38;2;174;94;41m[48;2;180;88;23m▀[38;2;161;84;34m[48;2;187;105;51m▀[38;2;150;74;23m[48;2;172;85;25m▀[38;2;171;79;11m[48;2;172;79;10m▀[38;2;173;80;13m[48;2;172;77;7m▀[38;2;183;104;55m[48;2;184;106;57m▀[38;2;165;78;13m[48;2;167;79;14m▀[38;2;167;106;70m[48;2;167;99;55m▀[39m[49m                                    [0m
          [38;2;204;165;145m▄[38;2;202;139;101m▄[38;2;208;155;125m[48;2;198;116;64m▀[38;2;205;137;96m[48;2;197;100;30m▀[38;2;203;121;69m[48;2;195;86;2m▀[38;2;198;99;28m[48;2;211;122;57m▀[38;2;194;90;11m[48;2;236;178;143m▀[38;2;205;110;39m[48;2;247;201;182m▀[38;2;220;138;81m[48;2;246;201;185m▀[38;2;228;157;112m[48;2;237;183;160m▀[38;2;231;165;127m[48;2;225;158;122m▀[38;2;228;164;129m[48;2;214;136;87m▀[38;2;221;150;110m[48;2;208;121;64m▀[38;2;205;111;46m[48;2;203;109;43m▀[38;2;197;95;18m[48;2;196;92;12m▀[38;2;196;95;20m[48;2;196;93;15m▀[38;2;192;89;12m[48;2;195;93;16m▀[38;2;191;92;19m[48;2;193;91;15m▀[38;2;186;84;6m[48;2;192;92;17m▀[38;2;185;88;15m[48;2;188;91;21m▀[38;2;191;104;46m[48;2;203;129;85m▀[38;2;171;75;3m[48;2;179;91;29m▀[38;2;170;75;3m[48;2;169;71;0m▀[38;2;184;105;55m[48;2;178;93;35m▀[38;2;170;81;17m[48;2;171;82;17m▀[38;2;168;97;50m[48;2;169;95;46m▀[38;2;178;133;112m[49m▄[39m                                   [0m
         [38;2;203;162;140m[48;2;195;129;89m▀[38;2;196;129;88m[48;2;192;104;44m▀[38;2;195;108;50m[48;2;194;95;18m▀[38;2;195;96;20m[48;2;193;85;0m▀[38;2;197;90;6m[48;2;234;176;142m▀[38;2;230;166;126m[48;2;254;218;207m▀[38;2;254;217;204m[48;2;240;190;169m▀[38;2;248;208;194m[48;2;214;135;85m▀[38;2;233;176;149m[48;2;195;89;7m▀[38;2;214;131;77m[48;2;206;115;50m▀[38;2;203;106;36m[48;2;226;160;123m▀[48;2;227;166;133m▀[38;2;205;111;45m[48;2;223;160;127m▀[38;2;205;112;46m[48;2;218;152;115m▀[38;2;200;103;30m[48;2;214;142;102m▀[38;2;196;91;8m[48;2;208;129;79m▀[38;2;195;90;8m[48;2;198;100;28m▀[38;2;195;92;13m[48;2;195;92;12m▀[38;2;193;91;13m[48;2;194;92;14m▀[38;2;191;89;12m[48;2;193;90;12m▀[38;2;187;86;10m[48;2;190;89;13m▀[38;2;185;90;20m[48;2;185;84;6m▀[38;2;184;97;38m[48;2;184;89;20m▀[38;2;173;77;6m[48;2;180;87;21m▀[38;2;174;84;20m[48;2;192;116;70m▀[38;2;171;82;17m[48;2;175;86;21m▀[38;2;171;92;38m[48;2;175;95;42m▀[38;2;179;125;97m[48;2;175;110;74m▀[38;2;179;133;109m[48;2;175;118;87m▀[39m[49m                                  [0m
       [38;2;199;156;133m▄[38;2;195;136;101m[48;2;188;112;63m▀[38;2;189;102;43m[48;2;185;88;15m▀[38;2;190;93;17m[48;2;186;84;1m▀[38;2;189;80;0m[48;2;191;87;6m▀[38;2;224;153;109m[48;2;224;156;115m▀[38;2;252;213;200m[48;2;234;180;156m▀[38;2;234;180;156m[48;2;204;114;51m▀[38;2;205;113;49m[48;2;203;108;38m▀[38;2;200;100;23m[48;2;244;195;174m▀[38;2;208;113;42m[48;2;223;156;120m▀[38;2;206;109;40m[48;2;192;108;49m▀[38;2;207;125;75m[48;2;204;150;111m▀[38;2;204;124;76m[48;2;217;179;153m▀[38;2;204;122;73m[48;2;210;167;138m▀[38;2;211;135;91m[48;2;197;139;102m▀[38;2;220;154;118m[48;2;195;115;63m▀[38;2;212;142;103m[48;2;193;90;13m▀[38;2;198;108;46m[48;2;191;88;10m▀[38;2;193;89;10m[48;2;192;90;13m▀[38;2;193;91;14m[48;2;191;90;13m▀[38;2;192;90;13m[48;2;190;89;13m▀[38;2;190;89;13m[48;2;189;89;13m▀[38;2;188;88;13m[48;2;188;88;13m▀[38;2;184;85;9m[48;2;186;87;13m▀[38;2;180;81;6m[48;2;183;84;10m▀[38;2;183;93;28m[48;2;178;79;3m▀[38;2;173;80;12m[48;2;174;78;5m▀[38;2;169;78;11m[48;2;169;75;3m▀[38;2;168;87;33m[48;2;165;75;8m▀[38;2;169;102;63m[48;2;167;90;44m▀[38;2;179;129;103m[48;2;174;116;83m▀[39m[49m                                 [0m
       [38;2;194;137;104m[48;2;188;122;80m▀[38;2;183;95;33m[48;2;178;84;12m▀[38;2;181;83;3m[48;2;180;84;3m▀[38;2;185;84;2m[48;2;184;84;4m▀[38;2;188;86;5m[48;2;186;85;5m▀[38;2;188;83;0m[48;2;189;90;15m▀[38;2;194;94;19m[48;2;187;85;5m▀[38;2;193;91;14m[48;2;189;88;9m▀[38;2;235;180;153m[48;2;196;100;30m▀[38;2;218;152;114m[48;2;187;134;98m▀[38;2;198;147;113m[48;2;249;253;255m▀[38;2;247;245;244m[48;2;248;247;247m▀[38;2;255;255;255m[48;2;239;236;234m▀[48;2;251;248;246m▀[48;2;245;242;241m▀[38;2;252;254;255m[48;2;241;238;236m▀[38;2;216;195;181m[48;2;254;255;255m▀[38;2;179;95;34m[48;2;204;187;177m▀[38;2;190;86;7m[48;2;171;77;6m▀[38;2;189;89;13m[48;2;188;87;10m▀[48;2;185;86;11m▀[38;2;189;88;12m[48;2;185;85;9m▀[38;2;188;87;11m[48;2;184;85;10m▀[38;2;186;85;8m[48;2;188;93;24m▀[38;2;184;82;5m[48;2;190;100;35m▀[38;2;182;83;8m[48;2;182;85;13m▀[38;2;181;83;9m[48;2;178;80;5m▀[38;2;176;80;8m[48;2;175;79;6m▀[38;2;172;78;7m[48;2;172;77;6m▀[38;2;166;73;3m[48;2;167;74;3m▀[38;2;165;82;27m[48;2;164;77;14m▀[38;2;171;105;66m[48;2;168;95;52m▀[38;2;181;132;105m[48;2;179;126;96m▀[39m[49m                                [0m
   [38;2;40;36;35m▄[38;2;56;53;51m▄[39m [38;2;218;203;194m▄[38;2;181;107;59m[48;2;233;215;204m▀[38;2;174;79;9m[48;2;232;214;204m▀[38;2;173;70;0m[48;2;216;177;152m▀[38;2;179;76;0m[48;2;185;106;47m▀[38;2;184;84;4m[48;2;176;74;0m▀[38;2;184;84;5m[48;2;181;82;2m▀[38;2;185;85;6m[48;2;180;82;4m▀[38;2;187;85;6m[48;2;183;79;0m▀[38;2;169;72;0m[48;2;167;92;37m▀[38;2;210;198;190m[48;2;225;225;227m▀[38;2;255;255;255m[48;2;244;242;241m▀[38;2;204;201;199m[48;2;247;245;245m▀[38;2;48;45;43m[48;2;122;119;118m▀[38;2;217;214;213m[48;2;18;16;14m▀[38;2;130;127;126m[48;2;52;50;49m▀[38;2;107;105;103m[48;2;198;195;194m▀[38;2;255;252;249m[48;2;244;242;241m▀[38;2;233;237;241m[48;2;244;247;250m▀[38;2;166;109;67m[48;2;174;140;116m▀[38;2;181;77;0m[48;2;174;73;0m▀[38;2;183;86;12m[48;2;183;86;13m▀[38;2;181;81;5m[48;2;179;78;2m▀[38;2;202;128;83m[48;2;201;129;85m▀[38;2;213;153;122m[48;2;213;156;128m▀[38;2;212;154;125m[48;2;209;150;119m▀[38;2;191;110;55m[48;2;195;120;74m▀[38;2;175;75;0m[48;2;173;75;0m▀[38;2;175;79;7m[48;2;173;78;6m▀[38;2;171;77;6m[48;2;170;76;5m▀[38;2;167;74;4m[48;2;167;74;5m▀[38;2;163;74;8m[48;2;162;72;4m▀[38;2;165;89;42m[48;2;163;85;36m▀[38;2;176;119;86m[48;2;175;115;81m▀[39m[49m                                [0m
 [38;2;41;38;36m[48;2;12;11;10m▀[38;2;48;47;47m[48;2;19;18;19m▀[38;2;121;120;122m[48;2;84;84;87m▀[38;2;68;67;69m[48;2;39;39;41m▀[38;2;13;11;10m[48;2;57;55;54m▀[38;2;203;203;203m[48;2;239;238;238m▀[38;2;255;255;255m[48;2;255;254;253m▀[38;2;254;255;255m[48;2;252;251;249m▀[38;2;255;255;255m[48;2;252;250;248m▀[38;2;248;248;248m[48;2;255;255;253m▀[38;2;202;149;113m[48;2;255;255;255m▀[38;2;175;78;5m[48;2;206;162;134m▀[38;2;178;81;3m[48;2;175;80;11m▀[38;2;179;77;0m[48;2;177;79;0m▀[38;2;164;95;45m[48;2;168;88;32m▀[38;2;220;220;222m[48;2;199;191;188m▀[38;2;236;233;232m[48;2;242;239;238m▀[38;2;238;236;235m[48;2;181;177;176m▀[38;2;132;130;129m[48;2;36;34;32m▀[38;2;5;3;1m[48;2;203;200;199m▀[38;2;47;45;43m[48;2;118;114;112m▀[38;2;211;209;207m[48;2;79;76;74m▀[38;2;235;232;230m[48;2;237;232;230m▀[38;2;238;241;243m[48;2;221;222;224m▀[38;2;176;142;120m[48;2;164;108;68m▀[38;2;173;74;0m[48;2;176;75;0m▀[38;2;181;85;13m[48;2;179;84;13m▀[38;2;176;77;1m[48;2;176;77;2m▀[38;2;193;116;66m[48;2;187;106;53m▀[38;2;207;148;118m[48;2;199;135;102m▀[38;2;203;142;110m[48;2;196;131;96m▀[38;2;193;122;79m[48;2;191;120;78m▀[38;2;172;76;2m[48;2;172;76;5m▀[38;2;170;76;5m[48;2;169;75;4m▀[38;2;168;75;4m[48;2;167;74;4m▀[38;2;166;74;4m[48;2;165;73;4m▀[38;2;161;70;2m[48;2;159;69;2m▀[38;2;161;83;33m[48;2;159;80;30m▀[38;2;173;112;77m[48;2;171;110;76m▀[38;2;184;141;117m[48;2;189;145;120m▀[39m[49m                               [0m
 [38;2;18;17;17m[48;2;60;58;57m▀[38;2;0;0;0m[48;2;33;33;33m▀[38;2;3;2;2m[48;2;16;16;16m▀[38;2;0;0;0m[48;2;70;69;69m▀[38;2;146;144;144m[48;2;243;242;241m▀[38;2;255;255;255m[48;2;247;246;246m▀[38;2;250;250;249m[48;2;251;251;250m▀[38;2;254;253;252m[48;2;255;255;254m▀[38;2;253;253;252m[48;2;253;253;252m▀[38;2;253;252;251m[48;2;254;254;253m▀[38;2;254;252;250m[48;2;254;253;252m▀[38;2;251;255;255m[48;2;253;252;251m▀[38;2;197;146;115m[48;2;240;239;239m▀[38;2;173;77;5m[48;2;183;116;72m▀[38;2;173;78;6m[48;2;173;73;0m▀[38;2;169;131;108m[48;2;161;74;10m▀[38;2;224;225;226m[48;2;166;141;125m▀[38;2;218;212;209m[48;2;214;214;214m▀[38;2;216;212;210m[48;2;225;222;220m▀[38;2;233;229;227m[48;2;220;216;214m▀[38;2;228;224;222m[48;2;220;217;215m▀[38;2;207;202;199m[48;2;219;217;216m▀[38;2;226;225;225m[48;2;185;171;163m▀[38;2;188;169;158m[48;2;157;83;27m▀[38;2;162;72;4m[48;2;177;79;5m▀[38;2;179;82;10m[48;2;178;83;13m▀[38;2;178;82;12m[48;2;177;81;10m▀[38;2;176;77;3m[48;2;176;79;7m▀[38;2;184;102;48m[48;2;177;84;18m▀[38;2;194;129;94m[48;2;179;90;28m▀[38;2;194;128;92m[48;2;178;89;26m▀[38;2;190;118;77m[48;2;178;89;28m▀[38;2;171;76;6m[48;2;172;78;8m▀[38;2;169;76;6m[48;2;170;76;7m▀[38;2;167;75;6m[48;2;167;75;7m▀[38;2;165;73;5m[48;2;164;73;6m▀[38;2;159;70;4m[48;2;158;70;5m▀[38;2;152;74;23m[48;2;154;78;32m▀[38;2;175;112;76m[48;2;169;100;60m▀[38;2;132;102;87m[48;2;65;42;26m▀[38;2;124;112;104m[48;2;95;87;82m▀[38;2;148;118;97m[49m▄[39m                        [38;2;187;96;27m[48;2;174;83;13m▀[38;2;193;104;38m[48;2;199;109;46m▀[38;2;178;88;22m[49m▄[39m  [0m
 [38;2;94;91;89m[48;2;215;212;209m▀[38;2;36;34;33m[48;2;141;136;133m▀[38;2;50;49;48m[48;2;201;198;197m▀[38;2;212;211;210m[48;2;245;243;242m▀[38;2;249;248;247m[48;2;238;237;235m▀[38;2;244;243;242m[48;2;243;242;241m▀[38;2;247;247;246m[48;2;244;244;243m▀[38;2;252;251;251m[48;2;246;246;245m▀[38;2;255;255;254m[48;2;249;248;248m▀[38;2;253;253;252m▀[48;2;248;248;247m▀[38;2;250;248;247m[48;2;247;246;245m▀[38;2;251;252;253m[48;2;247;244;242m▀[38;2;224;209;202m[48;2;248;252;255m▀[38;2;169;83;21m[48;2;200;160;135m▀[38;2;173;76;0m[48;2;167;70;0m▀[38;2;159;70;4m[48;2;178;85;17m▀[38;2;152;103;70m[48;2;173;75;3m▀[38;2;168;144;130m[48;2;165;75;11m▀[38;2;176;157;146m[48;2;163;79;22m▀[38;2;169;148;135m[48;2;162;76;16m▀[38;2;157;114;85m[48;2;170;74;2m▀[38;2;156;74;13m[48;2;177;81;10m▀[38;2;176;78;5m[48;2;176;83;16m▀[38;2;177;83;14m▀[38;2;177;81;11m[48;2;177;85;21m▀[38;2;176;81;11m[48;2;177;87;25m▀[38;2;176;81;12m[48;2;177;89;30m▀[38;2;175;81;13m[48;2;178;91;33m▀[38;2;174;81;13m[48;2;178;92;35m▀[48;2;178;92;36m▀[38;2;173;79;11m[48;2;177;92;36m▀[38;2;172;80;12m[48;2;175;90;34m▀[38;2;169;77;9m[48;2;172;87;29m▀[38;2;166;75;7m[48;2;168;83;25m▀[38;2;163;72;4m[48;2;161;76;15m▀[38;2;155;69;6m[48;2;160;71;4m▀[38;2;159;78;23m[48;2;125;55;1m▀[38;2;105;50;10m[48;2;25;16;8m▀[38;2;23;20;17m[48;2;28;26;26m▀[38;2;119;111;107m[48;2;163;157;153m▀[38;2;161;141;128m[48;2;199;193;190m▀[38;2;191;161;146m[48;2;146;109;89m▀[38;2;180;134;109m[48;2;169;104;66m▀[38;2;190;144;118m[48;2;179;112;73m▀[38;2;191;145;120m[48;2;184;117;77m▀[38;2;194;149;124m[48;2;187;121;82m▀[38;2;190;125;86m[49m▄[38;2;191;127;90m▄[38;2;192;130;94m▄[38;2;193;132;97m▄[38;2;192;134;101m▄[38;2;194;138;106m▄[38;2;195;142;112m▄[38;2;194;145;117m▄[39m          [38;2;150;61;0m▄[38;2;171;81;12m[48;2;177;87;19m▀[38;2;194;107;45m[48;2;191;102;39m▀[38;2;179;87;21m[48;2;178;87;22m▀[38;2;161;76;13m[48;2;170;88;27m▀[39m[49m [0m
 [38;2;222;219;217m[48;2;220;216;214m▀[38;2;230;227;224m[48;2;223;220;218m▀[38;2;236;234;232m[48;2;232;230;228m▀[38;2;236;234;233m[48;2;236;233;232m▀[38;2;238;236;234m[48;2;235;233;231m▀[38;2;238;237;236m[48;2;235;233;232m▀[38;2;240;238;237m[48;2;236;234;233m▀[38;2;242;240;240m[48;2;238;236;235m▀[38;2;242;241;241m[48;2;239;237;237m▀[38;2;244;243;242m[48;2;240;238;237m▀[38;2;249;248;247m[48;2;241;240;239m▀[38;2;246;245;244m[48;2;241;239;238m▀[38;2;248;248;247m[48;2;240;238;238m▀[38;2;252;251;250m[48;2;247;245;243m▀[38;2;239;239;240m[48;2;255;255;255m▀[38;2;176;104;56m[48;2;211;186;171m▀[38;2;174;81;16m[48;2;167;76;14m▀[38;2;177;89;27m[48;2;178;91;31m▀[38;2;179;86;21m[48;2;176;89;30m▀[38;2;179;85;19m▀[38;2;178;86;20m▀[38;2;177;87;23m[48;2;177;89;30m▀[38;2;176;87;25m[48;2;178;90;31m▀[38;2;176;88;26m[48;2;177;90;31m▀[38;2;177;89;28m▀[38;2;178;90;31m[48;2;178;90;31m▀[38;2;178;91;32m[48;2;177;90;32m▀[38;2;177;91;32m[48;2;177;90;31m▀[38;2;177;90;32m[48;2;176;90;32m▀[48;2;175;90;32m▀[38;2;176;90;33m[48;2;174;89;32m▀[38;2;175;90;33m[48;2;173;88;32m▀[38;2;174;90;34m[48;2;170;87;32m▀[38;2;171;88;33m[48;2;170;89;34m▀[38;2;168;88;36m[48;2;165;79;18m▀[38;2;167;82;24m[48;2;111;47;1m▀[38;2;128;55;0m[48;2;32;20;11m▀[38;2;24;12;3m[48;2;37;32;29m▀[38;2;7;8;9m[48;2;6;2;0m▀[38;2;14;10;7m[48;2;8;5;4m▀[38;2;51;48;47m[48;2;12;7;6m▀[38;2;75;48;29m[48;2;103;48;10m▀[38;2;124;49;0m[48;2;171;81;14m▀[38;2;172;84;20m[48;2;178;83;12m▀[38;2;176;86;21m[48;2;183;86;11m▀[38;2;181;90;25m[48;2;185;86;11m▀[38;2;183;93;30m[48;2;186;88;11m▀[38;2;186;96;34m[48;2;187;88;12m▀[38;2;186;98;37m▀[38;2;187;100;42m▀[38;2;187;103;48m[48;2;186;89;13m▀[38;2;187;107;56m[48;2;185;89;16m▀[38;2;188;111;63m[48;2;186;91;20m▀[38;2;189;115;70m[48;2;186;92;24m▀[38;2;189;119;77m[48;2;186;95;31m▀[38;2;190;124;84m[48;2;186;98;38m▀[38;2;191;128;92m[48;2;185;101;46m▀[38;2;191;132;98m[48;2;185;106;55m▀[38;2;191;138;108m[48;2;186;112;67m▀[38;2;186;119;78m[49m▄[38;2;185;125;90m▄[38;2;185;135;107m▄[39m  [38;2;184;91;20m▄[38;2;173;81;8m[48;2;199;111;49m▀[38;2;208;136;89m[48;2;194;103;41m▀[38;2;188;96;30m[48;2;177;82;13m▀[38;2;188;106;51m[48;2;190;114;68m▀[38;2;178;100;46m[48;2;171;87;27m▀[39m[49m [0m
 [38;2;219;215;213m▀[38;2;223;220;217m[48;2;220;216;213m▀[38;2;229;226;224m[48;2;225;222;219m▀[38;2;232;230;228m[48;2;230;227;224m▀[38;2;232;229;227m[48;2;230;226;224m▀[38;2;233;230;228m[48;2;230;227;225m▀[38;2;233;230;229m[48;2;231;228;226m▀[38;2;234;232;230m[48;2;232;229;228m▀[38;2;235;233;232m[48;2;233;230;229m▀[38;2;237;234;233m[48;2;234;231;229m▀[38;2;237;235;234m[48;2;234;232;230m▀[48;2;235;232;231m▀[38;2;238;235;235m[48;2;236;234;233m▀[38;2;238;236;235m[48;2;235;233;232m▀[38;2;251;249;247m[48;2;238;235;234m▀[38;2;248;250;252m[48;2;248;250;252m▀[38;2;177;115;74m[48;2;207;183;168m▀[38;2;171;80;17m[48;2;163;76;17m▀[38;2;175;88;30m[48;2;174;88;30m▀[38;2;175;87;28m[48;2;173;87;29m▀[38;2;175;88;29m▀[48;2;173;88;29m▀[38;2;176;89;30m[48;2;174;88;31m▀[48;2;174;89;31m▀[38;2;176;89;31m▀[38;2;176;90;32m[48;2;174;89;32m▀[38;2;175;90;32m▀[38;2;175;89;32m[48;2;173;89;32m▀[38;2;174;89;32m[48;2;171;88;32m▀[38;2;173;88;32m[48;2;169;87;32m▀[38;2;171;87;32m[48;2;171;89;34m▀[38;2;169;87;32m[48;2;170;87;30m▀[38;2;174;90;33m[48;2;132;64;17m▀[38;2;158;77;20m[48;2;58;34;17m▀[38;2;88;41;7m[48;2;28;29;31m▀[38;2;12;7;5m[48;2;18;16;15m▀[38;2;80;79;78m[48;2;86;82;79m▀[38;2;171;156;145m[48;2;162;156;152m▀[38;2;75;58;47m[48;2;86;83;82m▀[38;2;0;0;0m[48;2;51;22;0m▀[38;2;86;43;13m[48;2;150;69;10m▀[38;2;175;89;31m[48;2;167;77;11m▀[38;2;172;84;20m[48;2;177;82;11m▀[38;2;179;84;13m[48;2;183;86;13m▀[38;2;185;87;13m[48;2;187;88;13m▀[38;2;188;89;13m[48;2;189;89;12m▀[38;2;189;90;14m[48;2;190;90;13m▀[38;2;190;90;14m[48;2;191;91;14m▀[38;2;190;91;14m▀[38;2;190;91;15m[48;2;192;92;14m▀[38;2;190;91;14m▀[38;2;189;90;14m[48;2;191;92;15m▀[38;2;189;90;13m▀[38;2;187;89;12m▀[38;2;186;87;11m[48;2;190;91;15m▀[38;2;185;87;10m[48;2;189;90;13m▀[38;2;184;87;13m[48;2;188;89;12m▀[38;2;183;88;17m[48;2;186;87;10m▀[38;2;182;91;25m[48;2;184;86;9m▀[38;2;183;96;37m[48;2;183;86;11m▀[38;2;182;102;51m[48;2;182;88;19m▀[38;2;182;110;66m[48;2;182;95;36m▀[38;2;180;115;76m[48;2;180;95;37m▀[38;2;184;106;54m[48;2;174;88;28m▀[38;2;186;93;28m[48;2;171;82;19m▀[38;2;184;89;22m[48;2;173;87;29m▀[38;2;175;77;4m[48;2;166;77;14m▀[38;2;172;81;16m[48;2;163;74;11m▀[38;2;173;85;26m[48;2;164;81;27m▀[38;2;165;81;22m[48;2;163;93;50m▀[39m[49m [0m
  [38;2;216;212;209m[48;2;213;208;206m▀[38;2;221;217;214m[48;2;217;213;209m▀[38;2;227;223;221m[48;2;224;220;217m▀[48;2;226;222;219m▀[38;2;228;224;222m[48;2;226;222;220m▀[38;2;228;225;223m[48;2;226;223;221m▀[38;2;230;227;225m[48;2;228;224;222m▀[38;2;230;227;226m[48;2;228;225;223m▀[38;2;231;228;226m▀[38;2;232;229;227m[48;2;229;225;223m▀[38;2;232;229;228m[48;2;229;225;224m▀[38;2;233;230;229m[48;2;230;226;225m▀[48;2;229;226;224m▀[38;2;233;230;228m[48;2;230;226;224m▀[48;2;228;224;221m▀[38;2;229;227;225m[48;2;234;236;237m▀[38;2;167;101;56m[48;2;184;145;119m▀[38;2;167;81;21m[48;2;159;72;13m▀[38;2;171;87;30m[48;2;169;87;32m▀[38;2;171;87;29m[48;2;168;86;29m▀[38;2;171;87;30m[48;2;169;86;29m▀[38;2;172;88;31m[48;2;169;86;30m▀▀[48;2;168;86;30m▀[38;2;172;88;32m[48;2;166;86;31m▀[38;2;171;88;32m[48;2;167;87;33m▀[38;2;169;87;32m[48;2;171;88;33m▀[38;2;168;87;32m[48;2;152;76;23m▀[38;2;172;88;30m[48;2;91;41;5m▀[38;2;148;72;21m[48;2;39;28;19m▀[38;2;80;40;12m[48;2;33;31;31m▀[38;2;34;28;24m[48;2;19;18;17m▀[38;2;26;28;29m[48;2;25;22;20m▀[38;2;28;25;24m[48;2;24;21;19m▀[38;2;20;17;15m[48;2;29;28;28m▀[38;2;31;27;25m[48;2;19;20;20m▀[38;2;42;40;39m[48;2;56;23;0m▀[38;2;49;21;0m[48;2;148;67;6m▀[38;2;137;62;7m[48;2;173;85;20m▀[38;2;155;70;5m[48;2;177;88;23m▀[38;2;167;76;6m[48;2;179;85;14m▀[38;2;181;85;11m[48;2;186;87;13m▀[38;2;187;88;13m[48;2;190;90;14m▀[38;2;190;90;14m[48;2;192;92;15m▀[38;2;191;91;14m[48;2;193;93;15m▀[38;2;192;92;14m▀[38;2;193;93;15m[48;2;194;94;16m▀▀[38;2;193;93;16m▀[38;2;193;93;15m▀[38;2;193;93;16m[48;2;193;93;16m▀[38;2;193;93;15m[48;2;194;93;16m▀[38;2;192;93;15m[48;2;193;93;16m▀[38;2;192;92;15m[48;2;192;93;16m▀[38;2;191;91;13m[48;2;192;92;14m▀[38;2;190;91;13m[48;2;191;91;14m▀[38;2;190;90;13m[48;2;191;91;13m▀[38;2;188;90;14m[48;2;189;90;13m▀[38;2;187;89;13m[48;2;188;90;14m▀[38;2;185;87;11m[48;2;187;89;14m▀[38;2;182;85;10m[48;2;186;89;14m▀[38;2;181;89;21m[48;2;183;86;10m▀[38;2;182;97;40m[48;2;180;84;10m▀[38;2;176;93;36m[48;2;180;92;30m▀[38;2;163;77;14m[48;2;177;100;51m▀[38;2;157;74;18m[48;2;158;82;30m▀[38;2;158;81;34m[48;2;148;77;33m▀[38;2;157;88;45m[48;2;153;94;61m▀[38;2;159;101;68m[49m▀[39m [0m
   [38;2;213;209;205m[48;2;208;203;200m▀[38;2;219;215;211m[48;2;214;209;205m▀[38;2;225;221;218m[48;2;221;217;213m▀[38;2;224;220;217m[48;2;226;223;221m▀[38;2;223;219;217m[48;2;233;229;228m▀[38;2;224;220;217m[48;2;234;231;229m▀[38;2;225;222;220m[48;2;225;221;219m▀[38;2;226;222;220m[48;2;224;220;217m▀▀[48;2;223;219;217m▀[38;2;226;223;221m[48;2;224;219;217m▀[38;2;226;222;220m[48;2;223;218;216m▀[48;2;223;219;216m▀[38;2;225;221;218m[48;2;222;218;215m▀[38;2;231;230;229m[48;2;225;222;220m▀[38;2;201;183;170m[48;2;208;199;193m▀[38;2;154;74;20m[48;2;152;83;36m▀[38;2;166;85;30m[48;2;160;80;26m▀[38;2;165;84;29m[48;2;159;81;29m▀▀[38;2;164;84;29m[48;2;161;83;29m▀[38;2;163;84;30m[48;2;163;83;27m▀[38;2;165;86;32m[48;2;145;72;22m▀[38;2;168;87;32m[48;2;98;48;13m▀[38;2;155;78;25m[48;2;47;26;12m▀[38;2;107;53;16m[48;2;17;16;16m▀[38;2;43;25;14m[48;2;5;6;7m▀[38;2;5;4;4m[48;2;47;41;35m▀[38;2;116;108;103m[48;2;181;160;145m▀[38;2;181;158;144m[48;2;174;157;147m▀[38;2;55;38;28m[48;2;64;52;45m▀[38;2;23;23;23m[48;2;9;12;14m▀[38;2;29;31;32m[48;2;57;36;23m▀[38;2;41;33;28m[48;2;146;88;55m▀[38;2;120;75;49m[48;2;197;125;84m▀[38;2;190;114;66m[48;2;193;117;72m▀[38;2;184;97;35m[48;2;188;96;32m▀[38;2;189;98;34m[48;2;189;90;17m▀[38;2;190;98;31m[48;2;189;91;16m▀[38;2;191;95;24m[48;2;192;92;16m▀[38;2;192;92;18m[48;2;194;93;17m▀[38;2;193;93;16m[48;2;195;94;17m▀[38;2;194;94;16m▀[38;2;195;94;16m▀[38;2;195;94;17m[48;2;195;95;17m▀▀[38;2;194;94;17m▀[48;2;195;95;18m▀[48;2;194;95;17m▀[48;2;194;95;18m▀[38;2;194;94;16m[48;2;194;94;17m▀▀[38;2;193;93;16m[48;2;193;94;17m▀[38;2;193;93;15m[48;2;193;93;16m▀[38;2;192;92;15m[48;2;192;93;15m▀[38;2;191;91;14m[48;2;192;92;15m▀[38;2;190;91;14m[48;2;190;91;15m▀[38;2;189;90;14m[48;2;189;90;14m▀[38;2;188;89;14m[48;2;188;89;14m▀[38;2;186;89;14m[48;2;187;89;14m▀[38;2;185;88;13m[48;2;185;87;13m▀[38;2;183;86;13m[48;2;183;86;13m▀[38;2;178;81;7m[48;2;180;85;14m▀[38;2;176;87;23m[48;2;175;80;8m▀[38;2;176;108;68m[48;2;172;85;25m▀[38;2;169;114;83m[48;2;181;122;89m▀[39m[49m   [0m
    [38;2;210;205;201m▀[38;2;212;207;203m▀[38;2;209;203;198m[48;2;180;168;159m▀[38;2;174;166;160m[48;2;111;90;74m▀[38;2;172;165;161m[48;2;57;33;14m▀[38;2;219;215;212m[48;2;161;150;142m▀[38;2;223;219;216m[48;2;230;226;224m▀[38;2;221;217;214m[48;2;218;213;210m▀[38;2;220;216;213m[48;2;218;214;211m▀[48;2;218;213;210m▀[38;2;220;215;212m[48;2;216;212;208m▀[48;2;214;209;206m▀[38;2;219;214;211m[48;2;212;207;203m▀[38;2;221;217;215m[48;2;220;218;216m▀[38;2;205;197;192m[48;2;185;164;151m▀[38;2;146;82;39m[48;2;141;70;22m▀[38;2;156;79;27m[48;2;137;68;21m▀[38;2;158;82;30m[48;2;103;49;11m▀[38;2;152;76;24m[48;2;58;28;7m▀[38;2;127;63;17m[48;2;20;10;4m▀[38;2;73;32;2m[48;2;54;53;53m▀[38;2;26;11;1m[48;2;61;60;60m▀[38;2;12;12;12m[48;2;28;26;24m▀[38;2;14;15;15m[48;2;24;20;17m▀[38;2;17;14;12m[48;2;23;20;17m▀[38;2;17;14;11m[48;2;21;19;16m▀[38;2;23;20;17m[48;2;7;9;9m▀[38;2;81;71;64m[48;2;1;0;0m▀[38;2;53;41;33m[48;2;46;18;0m▀[38;2;18;10;4m[48;2;108;46;1m▀[38;2;85;45;20m[48;2;162;77;16m▀[38;2;172;104;65m[48;2;171;81;15m▀[38;2;191;116;72m[48;2;176;81;10m▀[38;2;184;103;51m[48;2;183;85;11m▀[38;2;188;101;42m[48;2;186;86;10m▀[38;2;189;95;26m[48;2;189;89;13m▀[38;2;191;92;17m[48;2;191;92;17m▀[38;2;192;93;18m[48;2;192;93;17m▀[38;2;194;94;18m[48;2;194;94;17m▀[38;2;195;94;17m▀[48;2;195;94;17m▀[38;2;195;95;17m[48;2;195;94;16m▀▀[38;2;195;94;17m[48;2;194;94;17m▀[38;2;195;95;17m[48;2;194;93;16m▀[48;2;193;93;15m▀[38;2;195;95;18m[48;2;192;91;13m▀[38;2;194;94;17m[48;2;191;89;10m▀[38;2;194;95;18m[48;2;191;89;9m▀[38;2;194;94;18m[48;2;191;88;8m▀[48;2;190;87;8m▀[38;2;193;94;18m[48;2;189;87;8m▀[38;2;193;93;17m[48;2;189;86;6m▀[38;2;192;93;16m▀[38;2;191;92;16m[48;2;188;86;6m▀[38;2;190;92;16m[48;2;188;87;8m▀[38;2;189;91;15m[48;2;188;88;11m▀[38;2;188;89;14m[48;2;188;89;14m▀[38;2;186;88;14m[48;2;186;88;13m▀[38;2;185;87;12m[48;2;184;86;11m▀[38;2;183;86;12m[48;2;183;85;12m▀[38;2;180;84;13m[48;2;181;84;12m▀[38;2;177;82;12m[48;2;178;83;12m▀[38;2;172;77;8m[48;2;173;79;10m▀[38;2;174;98;49m[48;2;171;83;22m▀[38;2;182;129;100m[48;2;180;118;83m▀[39m[49m  [0m
       [38;2;207;200;195m▀[38;2;208;201;196m▀[38;2;213;207;204m[48;2;209;203;200m▀[38;2;220;216;212m[48;2;208;203;199m▀[38;2;218;214;211m▀[38;2;215;211;207m▀[38;2;213;208;205m[48;2;207;202;198m▀[38;2;211;206;203m[48;2;215;211;209m▀[38;2;218;213;209m[48;2;159;156;153m▀[38;2;217;211;206m[48;2;98;93;89m▀[38;2;185;172;164m[48;2;40;30;22m▀[38;2;105;67;40m[48;2;22;16;12m▀[38;2;65;28;2m[48;2;10;12;13m▀[38;2;33;18;6m[48;2;18;19;19m▀[38;2;16;13;10m[48;2;27;24;23m▀[38;2;8;10;12m[48;2;22;19;17m▀[38;2;40;30;23m[48;2;28;22;17m▀[38;2;187;172;163m[48;2;134;124;116m▀[38;2;204;197;193m[48;2;105;93;85m▀[38;2;83;72;65m[48;2;18;11;6m▀[38;2;13;13;12m[48;2;24;17;13m▀[38;2;18;19;20m[48;2;61;30;7m▀[38;2;17;14;12m[48;2;112;49;0m▀[38;2;62;34;15m[48;2;162;75;7m▀[38;2;127;66;25m[48;2;176;84;14m▀[38;2;149;65;1m[48;2;172;79;7m▀[38;2;160;72;4m[48;2;177;82;9m▀[38;2;170;78;9m[48;2;182;85;12m▀[38;2;178;83;12m[48;2;185;87;14m▀[38;2;185;88;15m[48;2;188;90;15m▀[38;2;187;89;16m[48;2;190;91;16m▀[38;2;190;91;16m[48;2;191;92;17m▀[38;2;191;92;17m[48;2;192;92;17m▀[38;2;193;93;17m[48;2;192;93;17m▀[48;2;193;93;17m▀▀[38;2;193;93;16m[48;2;193;93;16m▀[38;2;194;93;16m[48;2;193;93;17m▀[38;2;193;93;16m[48;2;192;91;14m▀[38;2;192;90;12m[48;2;194;97;25m▀[38;2;190;86;6m[48;2;204;123;69m▀[38;2;190;88;9m[48;2;210;138;93m▀[38;2;192;91;15m[48;2;212;145;105m▀[38;2;193;95;22m[48;2;214;150;114m▀[38;2;194;99;30m[48;2;215;152;119m▀[38;2;195;103;37m[48;2;215;154;122m▀[38;2;197;106;42m[48;2;216;154;122m▀[38;2;197;108;46m[48;2;215;154;123m▀[38;2;197;110;49m▀[38;2;197;109;48m[48;2;215;153;122m▀[38;2;197;108;46m[48;2;214;152;120m▀[38;2;196;106;43m[48;2;213;150;117m▀[38;2;193;102;37m[48;2;212;148;114m▀[38;2;189;93;22m[48;2;209;142;106m▀[38;2;185;85;8m[48;2;196;111;54m▀[38;2;185;87;13m[48;2;183;84;8m▀[38;2;185;86;12m[48;2;184;86;12m▀[38;2;183;85;12m[48;2;182;85;12m▀[38;2;180;84;12m[48;2;180;84;12m▀[38;2;178;83;12m[48;2;179;83;12m▀[38;2;175;80;11m[48;2;175;81;12m▀[38;2;170;77;10m[48;2;171;77;8m▀[38;2;177;106;62m[48;2;174;96;45m▀[38;2;182;133;105m[48;2;181;127;96m▀[39m[49m [0m
              [38;2;164;150;138m▄[38;2;84;74;67m[48;2;169;154;143m▀[38;2;23;22;21m[48;2;101;95;91m▀[38;2;46;42;38m[48;2;48;44;41m▀[38;2;145;138;135m[48;2;152;149;147m▀[38;2;111;106;104m[48;2;171;166;161m▀[38;2;52;47;45m[48;2;54;49;46m▀[38;2;19;18;16m[48;2;14;12;11m▀[38;2;18;18;17m[48;2;37;24;15m▀[38;2;9;12;14m[48;2;65;33;9m▀[38;2;12;11;10m[48;2;100;46;7m▀[38;2;23;9;0m[48;2;114;49;1m▀[38;2;63;29;4m[48;2;138;62;6m▀[38;2;120;53;3m[48;2;159;74;10m▀[38;2;152;67;0m[48;2;166;75;4m▀[38;2;169;77;4m[48;2;172;79;6m▀[38;2;172;79;6m[48;2;177;81;8m▀[38;2;175;80;7m[48;2;180;84;9m▀[38;2;180;83;10m[48;2;182;84;10m▀[38;2;183;85;11m[48;2;185;86;11m▀[38;2;185;87;13m[48;2;186;88;13m▀[38;2;187;89;15m[48;2;187;89;14m▀[38;2;190;91;16m[48;2;189;90;14m▀[48;2;190;90;15m▀[38;2;191;91;16m[48;2;190;91;15m▀[38;2;191;92;16m[48;2;191;91;16m▀[38;2;192;92;16m[48;2;191;92;17m▀[48;2;191;92;16m▀[38;2;193;93;16m[48;2;192;92;16m▀[38;2;192;93;16m[48;2;191;92;16m▀[38;2;192;92;16m[48;2;191;91;15m▀[38;2;192;93;16m[48;2;191;92;17m▀[38;2;194;96;22m[48;2;191;91;14m▀[38;2;208;136;91m[48;2;193;99;31m▀[38;2;219;161;129m[48;2;209;140;100m▀[38;2;219;159;126m[48;2;216;154;119m▀[48;2;217;156;122m▀[38;2;218;157;124m[48;2;217;156;123m▀[38;2;218;156;124m[48;2;217;157;124m▀[38;2;218;156;123m[48;2;217;156;124m▀[38;2;217;155;122m[48;2;217;156;123m▀[38;2;216;155;122m[48;2;216;155;123m▀[38;2;216;154;121m[48;2;215;154;122m▀[38;2;216;153;120m[48;2;215;153;121m▀[38;2;215;152;118m[48;2;214;152;119m▀[38;2;214;151;117m[48;2;213;151;118m▀[38;2;214;152;119m[48;2;212;149;115m▀[38;2;211;148;115m[48;2;212;150;118m▀[38;2;189;100;36m[48;2;201;129;86m▀[38;2;180;82;6m[48;2;181;84;11m▀[38;2;182;86;13m[48;2;181;85;13m▀[38;2;180;84;12m[48;2;180;84;13m▀[38;2;178;83;12m[48;2;178;83;13m▀[38;2;176;82;12m[48;2;176;82;13m▀[38;2;172;78;9m[48;2;173;79;11m▀[38;2;172;87;29m[48;2;170;80;17m▀[38;2;179;122;88m[48;2;178;116;80m▀[39m[49m [0m
               [38;2;191;182;174m▀[38;2;144;136;130m▀[38;2;65;54;47m[48;2;162;125;104m▀[38;2;98;76;61m[48;2;135;94;69m▀[38;2;75;44;23m[48;2;135;87;56m▀[38;2;68;31;5m[48;2;133;68;27m▀[38;2;93;44;8m[48;2;129;58;8m▀[38;2;115;49;0m[48;2;139;67;14m▀[38;2;139;61;1m[48;2;146;69;12m▀[38;2;151;69;6m[48;2;154;73;12m▀[38;2;144;63;0m[48;2;160;74;9m▀[38;2;152;67;1m[48;2;162;71;0m▀[38;2;166;76;5m[48;2;170;76;2m▀[38;2;170;77;4m[48;2;173;79;5m▀[38;2;175;80;6m[48;2;176;80;6m▀[38;2;178;82;8m[48;2;179;83;8m▀[38;2;181;84;9m[48;2;181;84;10m▀[38;2;182;84;10m[48;2;182;85;10m▀[38;2;184;86;11m[48;2;184;85;11m▀[38;2;185;87;12m[48;2;184;86;11m▀[38;2;186;87;13m[48;2;185;87;12m▀[38;2;187;88;13m[48;2;186;87;13m▀[38;2;188;89;14m[48;2;186;88;13m▀[38;2;189;90;14m[48;2;187;89;14m▀[38;2;189;90;15m[48;2;187;89;15m▀[38;2;189;91;15m[48;2;188;90;15m▀▀[38;2;190;91;15m[48;2;188;90;14m▀[38;2;190;90;14m[48;2;189;89;13m▀[38;2;190;90;15m[48;2;189;90;14m▀[38;2;190;91;15m▀[38;2;190;91;17m[48;2;188;90;14m▀[38;2;189;91;17m[48;2;188;90;15m▀[38;2;196;112;58m[48;2;189;96;30m▀[38;2;207;141;104m[48;2;199;124;78m▀[38;2;210;145;110m[48;2;205;135;95m▀[38;2;211;147;113m[48;2;207;139;99m▀[38;2;211;148;114m[48;2;208;141;104m▀[38;2;211;148;115m[48;2;210;144;108m▀[38;2;211;147;114m[48;2;211;145;110m▀[38;2;210;147;113m[48;2;210;146;112m▀[38;2;209;145;112m[48;2;211;147;114m▀[38;2;209;144;110m▀[38;2;208;143;108m[48;2;211;146;114m▀[38;2;207;142;107m[48;2;210;146;113m▀[38;2;207;141;107m[48;2;209;145;112m▀[38;2;206;140;105m[48;2;208;143;111m▀[38;2;203;137;101m[48;2;208;145;114m▀[38;2;185;94;29m[48;2;193;113;61m▀[38;2;179;83;10m[48;2;179;82;9m▀[38;2;179;84;14m[48;2;179;85;15m▀[38;2;178;83;13m[48;2;178;84;15m▀[38;2;176;82;13m[48;2;176;83;15m▀[38;2;174;81;13m[48;2;174;81;14m▀[38;2;170;78;14m[48;2;170;78;13m▀[38;2;177;112;73m[48;2;176;110;69m▀[38;2;185;141;118m[49m▄[0m
                 [38;2;184;172;164m▀[38;2;186;182;178m[48;2;193;187;183m▀[38;2;180;175;172m[48;2;189;183;179m▀[38;2;175;160;151m[48;2;196;193;191m▀[38;2;156;108;80m[48;2;204;202;201m▀[38;2;146;71;23m[48;2;180;146;125m▀[38;2;157;82;33m[48;2;151;74;25m▀[38;2;164;85;33m[48;2;162;84;32m▀[38;2;169;86;30m[48;2;167;86;32m▀[38;2;169;82;19m[48;2;171;88;33m▀[38;2;170;78;8m[48;2;173;89;31m▀[38;2;173;78;4m[48;2;173;86;24m▀[38;2;176;80;5m[48;2;174;84;18m▀[38;2;177;81;6m[48;2;175;83;13m▀[38;2;179;82;7m[48;2;175;81;9m▀[38;2;180;83;9m[48;2;175;80;7m▀[38;2;182;84;9m[48;2;176;80;8m▀[38;2;181;84;10m[48;2;176;81;8m▀[38;2;182;84;10m[48;2;176;82;10m▀[38;2;182;85;10m[48;2;177;83;12m▀[38;2;183;85;10m[48;2;179;85;16m▀[38;2;184;85;10m[48;2;179;87;19m▀[38;2;184;86;11m[48;2;180;89;24m▀[48;2;180;90;26m▀[38;2;184;87;11m[48;2;180;91;28m▀[38;2;185;87;12m[48;2;181;93;31m▀[48;2;182;94;33m▀[38;2;186;88;13m[48;2;183;94;34m▀[38;2;186;88;14m[48;2;183;95;35m▀[38;2;186;89;15m[48;2;183;96;36m▀[38;2;185;89;16m[48;2;183;97;38m▀[38;2;185;88;16m[48;2;184;97;38m▀[38;2;185;89;18m[48;2;184;98;39m▀[38;2;186;90;20m[48;2;184;97;39m▀[38;2;186;91;20m[48;2;183;97;38m▀[38;2;186;92;22m▀[38;2;187;93;24m[48;2;183;96;37m▀[38;2;187;94;27m[48;2;182;96;37m▀[38;2;188;96;30m▀[38;2;188;96;31m[48;2;182;95;36m▀[38;2;189;98;34m[48;2;182;95;35m▀[38;2;190;99;36m[48;2;182;94;34m▀[38;2;190;100;38m▀[38;2;190;101;40m▀[38;2;190;102;41m[48;2;181;93;32m▀[38;2;191;104;45m[48;2;180;91;29m▀[38;2;186;96;31m[48;2;180;90;26m▀[38;2;179;82;10m[48;2;180;91;28m▀[38;2;178;83;12m[48;2;179;89;26m▀[38;2;178;83;13m[48;2;178;88;24m▀[38;2;176;82;13m[48;2;176;86;23m▀[38;2;174;81;13m[48;2;173;84;21m▀[38;2;170;78;13m[48;2;168;78;16m▀[38;2;176;109;67m[48;2;174;107;66m▀[38;2;185;142;119m[48;2;186;144;121m▀[0m
                  [38;2;203;197;193m[48;2;209;203;198m▀[38;2;199;194;191m[48;2;207;202;198m▀[38;2;203;197;194m[48;2;209;204;201m▀[38;2;207;201;197m[48;2;212;207;204m▀[38;2;222;224;224m[48;2;217;211;207m▀[38;2;190;157;139m[48;2;230;231;232m▀[38;2;154;74;23m[48;2;183;139;114m▀[38;2;165;86;34m[48;2;155;73;19m▀[38;2;168;86;32m[48;2;167;87;35m▀[38;2;170;88;32m[48;2;168;86;32m▀[38;2;172;89;33m[48;2;170;87;31m▀[38;2;174;90;34m[48;2;171;88;31m▀[38;2;175;90;33m[48;2;172;88;31m▀[38;2;175;90;31m[48;2;173;89;31m▀[38;2;176;89;29m[48;2;175;89;31m▀[38;2;177;90;30m[48;2;176;90;32m▀[38;2;177;90;31m[48;2;176;90;33m▀[38;2;177;90;32m[48;2;175;90;33m▀[38;2;177;91;33m▀[38;2;178;92;35m[48;2;176;90;33m▀▀[38;2;178;93;36m[48;2;176;91;34m▀[38;2;178;93;37m▀[48;2;176;92;35m▀[38;2;179;94;37m[48;2;177;92;35m▀[48;2;178;93;36m▀[38;2;180;94;38m▀[38;2;180;95;38m[48;2;178;93;37m▀[48;2;179;94;37m▀[38;2;181;96;39m▀[38;2;181;97;40m[48;2;179;95;38m▀[38;2;181;97;41m[48;2;179;95;39m▀[38;2;182;97;41m[48;2;180;95;39m▀[38;2;182;98;42m[48;2;180;96;39m▀[38;2;182;98;43m[48;2;180;96;40m▀[38;2;182;98;42m[48;2;180;95;39m▀▀[38;2;181;98;43m[48;2;179;95;40m▀[38;2;181;98;42m[48;2;179;95;39m▀[38;2;181;97;42m▀▀[48;2;178;95;39m▀[38;2;181;97;43m[48;2;178;94;39m▀▀[38;2;180;97;42m▀[38;2;180;96;41m[48;2;178;93;37m▀[38;2;180;95;39m[48;2;177;93;37m▀[38;2;179;95;40m▀[38;2;178;95;40m[48;2;176;93;38m▀[38;2;177;94;41m[48;2;174;92;39m▀[38;2;176;95;43m[48;2;173;94;44m▀[38;2;172;93;43m[48;2;171;98;54m▀[38;2;176;113;76m[48;2;177;120;88m▀[38;2;187;144;122m[49m▀[0m
                   [38;2;210;205;201m[48;2;211;205;201m▀[38;2;213;208;205m[48;2;214;209;206m▀[38;2;215;211;207m[48;2;217;212;209m▀[38;2;219;213;210m[48;2;220;215;211m▀[38;2;223;218;215m[48;2;221;215;211m▀[38;2;227;225;224m[48;2;228;226;225m▀[38;2;168;109;73m[48;2;212;198;190m▀[38;2;159;77;24m[48;2;157;81;35m▀[38;2;167;87;34m[48;2;164;84;32m▀[38;2;168;86;31m[48;2;165;85;32m▀[38;2;169;87;31m[48;2;166;85;30m▀[38;2;170;87;31m[48;2;167;85;30m▀[38;2;171;87;30m[48;2;171;87;31m▀[38;2;172;87;30m[48;2;176;90;32m▀[38;2;173;88;31m[48;2;177;91;33m▀[38;2;173;88;32m[48;2;174;89;32m▀[38;2;172;88;32m[48;2;173;88;32m▀[48;2;174;89;32m▀[48;2;174;89;33m▀[38;2;173;88;32m[48;2;170;87;32m▀[38;2;173;89;33m[48;2;168;86;32m▀[38;2;173;90;34m[48;2;170;87;33m▀[38;2;174;90;34m[48;2;170;88;34m▀[38;2;175;91;35m[48;2;171;89;34m▀[48;2;172;89;34m▀[38;2;176;92;36m[48;2;173;90;35m▀▀[38;2;177;92;36m[48;2;174;91;35m▀[38;2;177;93;37m[48;2;174;91;36m▀[38;2;177;93;38m[48;2;175;92;37m▀[38;2;177;94;38m▀▀[38;2;178;94;38m[48;2;175;93;37m▀[38;2;178;94;39m[48;2;175;93;38m▀▀[38;2;177;94;39m▀[48;2;175;92;38m▀[38;2;177;93;38m[48;2;175;92;37m▀[48;2;174;92;37m▀[38;2;177;93;37m[48;2;174;91;36m▀[38;2;176;93;38m[48;2;173;91;37m▀▀[48;2;171;90;36m▀[48;2;173;92;38m▀[38;2;174;91;37m[48;2;177;94;38m▀[48;2;172;91;38m▀[38;2;175;92;38m[48;2;165;87;36m▀[38;2;174;92;39m[48;2;163;86;37m▀[38;2;170;91;40m[48;2;169;91;42m▀[38;2;168;92;44m[48;2;168;95;49m▀[38;2;167;96;54m[48;2;164;97;58m▀[38;2;174;119;89m[48;2;171;120;92m▀[39m[49m [0m
                    [38;2;213;207;204m[48;2;209;203;199m▀[38;2;217;213;209m[48;2;213;208;204m▀[38;2;220;215;212m[48;2;220;214;211m▀[38;2;221;216;212m[48;2;220;215;212m▀[38;2;220;214;210m[48;2;219;213;210m▀[38;2;227;228;228m[48;2;219;214;210m▀[38;2;187;151;130m[48;2;218;214;212m▀[38;2;154;72;20m[48;2;162;100;63m▀[38;2;163;85;33m[48;2;156;76;24m▀[38;2;163;83;29m[48;2;162;83;29m▀[38;2;169;86;29m[48;2;123;55;11m▀[38;2;155;76;23m[48;2;99;38;0m▀[38;2;130;59;12m[48;2;141;70;26m▀[38;2;124;51;5m[48;2;171;92;42m▀[38;2;123;52;6m[48;2;179;95;37m▀[38;2;123;52;4m[48;2;176;87;23m▀[38;2;127;56;10m[48;2;158;66;0m▀[38;2;137;63;16m[48;2;136;56;0m▀[38;2;159;79;26m[48;2;113;45;2m▀[38;2;166;85;31m[48;2;138;65;17m▀[38;2;163;84;30m[48;2;163;83;30m▀[38;2;166;85;32m[48;2;161;82;29m▀[38;2;168;86;32m[48;2;164;83;30m▀[38;2;169;87;33m[48;2;165;85;31m▀[38;2;170;88;33m[48;2;166;85;31m▀[38;2;170;88;34m[48;2;167;86;32m▀[38;2;170;89;34m▀[38;2;171;89;34m[48;2;168;87;33m▀[38;2;172;90;35m▀[48;2;168;88;34m▀[38;2;172;90;36m[48;2;169;88;34m▀[38;2;172;91;36m▀[48;2;169;89;35m▀[48;2;169;88;34m▀[48;2;168;88;34m▀▀[38;2;171;90;35m[48;2;167;87;33m▀[48;2;166;86;33m▀[38;2;170;89;35m[48;2;164;85;32m▀[38;2;169;89;35m[48;2;163;85;33m▀[38;2;167;88;35m[48;2;166;85;31m▀[38;2;172;91;37m[48;2;133;64;19m▀[38;2;159;83;31m[48;2;104;41;0m▀[38;2;129;62;18m[48;2;146;71;23m▀[38;2;118;51;7m[48;2;175;89;28m▀[38;2;125;55;7m[48;2;173;74;0m▀[38;2;125;55;6m[48;2;174;76;0m▀[38;2;117;52;10m[48;2;157;72;9m▀[38;2;143;75;33m[48;2;115;56;24m▀[38;2;162;99;62m[48;2;147;92;60m▀[38;2;168;121;95m[48;2;171;128;104m▀[39m[49m [0m
                     [38;2;207;199;195m[48;2;163;115;86m▀[38;2;217;213;210m[48;2;189;171;160m▀[38;2;219;214;210m[48;2;222;221;220m▀[38;2;218;212;209m[48;2;217;210;206m▀[38;2;216;209;205m[48;2;213;207;203m▀[38;2;221;220;219m[48;2;212;206;202m▀[38;2;189;164;150m[48;2;210;204;201m▀[38;2;151;72;21m[48;2;142;86;51m▀[38;2;116;53;11m[48;2;100;39;1m▀[38;2;111;44;0m[48;2;167;79;14m▀[38;2;168;73;0m[48;2;174;81;11m▀[38;2;194;100;32m[48;2;176;80;7m▀[38;2;216;139;92m[48;2;183;85;13m▀[38;2;192;94;22m[48;2;184;85;10m▀[38;2;202;114;56m[48;2;181;78;1m▀[38;2;189;90;16m[48;2;207;136;96m▀[38;2;189;89;14m[48;2;198;123;75m▀[38;2;166;74;8m[48;2;181;79;2m▀[38;2;102;40;1m[48;2;145;64;8m▀[38;2;138;66;19m[48;2;98;40;4m▀[38;2;159;81;28m[48;2;152;77;25m▀[38;2;158;80;27m[48;2;151;76;25m▀[38;2;160;81;28m[48;2;153;77;25m▀[38;2;161;82;29m[48;2;154;78;26m▀[38;2;162;83;30m[48;2;154;78;27m▀▀[38;2;163;84;30m[48;2;155;79;27m▀[38;2;164;85;31m[48;2;156;79;27m▀[48;2;156;79;28m▀▀[48;2;156;80;28m▀[38;2;164;85;32m[48;2;155;80;28m▀[38;2;163;84;32m[48;2;154;79;28m▀[38;2;162;84;31m[48;2;153;78;27m▀[38;2;161;84;31m[48;2;151;77;27m▀[38;2;160;82;30m[48;2;149;75;25m▀[38;2;158;81;29m[48;2;145;70;19m▀[38;2;156;79;28m[48;2;141;64;9m▀[38;2;155;76;21m[48;2;95;38;0m▀[38;2;108;48;8m[48;2;91;35;0m▀[38;2;100;38;0m[48;2;143;62;0m▀[38;2;177;101;50m[48;2;166;79;14m▀[38;2;187;91;20m[48;2;174;81;13m▀[38;2;187;93;27m[48;2;175;76;1m▀[38;2;201;124;75m[48;2;208;144;110m▀[38;2;184;96;33m[48;2;196;122;76m▀[38;2;172;75;2m[48;2;165;66;0m▀[38;2;161;96;58m[48;2;167;94;45m▀[38;2;140;93;70m[49m▀[39m  [0m
                     [38;2;157;99;60m[48;2;161;102;63m▀[38;2;124;59;14m[48;2;128;54;0m▀[38;2;172;153;141m[48;2;110;44;0m▀[38;2;215;212;210m[48;2;140;108;88m▀[38;2;213;207;202m[48;2;186;177;172m▀[38;2;207;199;195m[48;2;199;192;188m▀[38;2;208;204;201m[48;2;195;188;183m▀[38;2;147;119;102m[48;2;173;157;148m▀[38;2;135;68;28m[48;2;159;93;51m▀[38;2;168;83;21m[48;2;166;81;20m▀[38;2;171;79;10m[48;2;171;79;9m▀[38;2;176;81;9m[48;2;176;82;10m▀[38;2;182;86;15m[48;2;180;85;14m▀[38;2;183;86;13m[48;2;181;85;12m▀[38;2;180;80;4m[48;2;178;78;2m▀[38;2;201;129;86m[48;2;196;121;74m▀[38;2;200;128;84m[48;2;199;128;86m▀[38;2;175;77;2m[48;2;174;77;4m▀[38;2;166;76;10m[48;2;168;78;11m▀[38;2;93;36;1m[48;2;114;48;3m▀[38;2;130;64;20m[48;2;114;55;16m▀[38;2;141;70;21m[48;2;125;61;17m▀[38;2;141;70;22m[48;2;126;61;18m▀[38;2;142;71;23m[48;2;127;62;18m▀▀▀[38;2;143;72;23m[48;2;128;63;18m▀[38;2;144;72;23m[48;2;129;63;18m▀▀[38;2;144;72;24m[48;2;128;63;18m▀[38;2;144;72;23m[48;2;127;62;17m▀[38;2;143;72;24m[48;2;125;60;16m▀[38;2;141;70;22m[48;2;122;58;15m▀[38;2;139;69;21m[48;2;120;57;13m▀[38;2;136;66;19m[48;2;115;53;11m▀[38;2;129;60;12m[48;2;107;47;5m▀[38;2;126;55;4m[48;2;95;39;0m▀[38;2;95;37;0m[48;2;58;18;0m▀[38;2;70;24;0m[48;2;96;38;0m▀[38;2;128;54;0m[48;2;131;56;1m▀[38;2;144;62;0m[48;2;147;65;3m▀[38;2;161;74;9m[48;2;163;76;11m▀[38;2;174;83;16m[48;2;173;82;14m▀[38;2;174;77;3m[48;2;173;76;2m▀[38;2;197;125;81m[48;2;193;118;71m▀[38;2;194;122;77m[48;2;194;122;79m▀[38;2;167;70;0m[48;2;168;71;0m▀[38;2;166;86;30m[48;2;165;82;24m▀[38;2;173;123;97m[48;2;172;118;88m▀[39m[49m  [0m
                     [38;2;162;101;59m[48;2;166;105;64m▀[38;2;139;62;3m[48;2;149;73;18m▀[38;2;127;56;3m[48;2;139;67;15m▀[38;2;102;38;0m[48;2;123;58;14m▀[38;2;99;53;22m[48;2;99;40;0m▀[38;2;128;101;84m[48;2;80;26;0m▀[38;2;155;142;134m[48;2;76;33;7m▀[38;2;164;143;130m[48;2;113;72;47m▀[38;2;163;93;48m[48;2;167;97;53m▀[38;2;165;81;20m[48;2;165;79;15m▀[38;2;171;79;8m[48;2;171;79;6m▀[38;2;176;82;10m[48;2;177;83;12m▀[38;2;179;84;13m[48;2;179;84;13m▀[38;2;180;84;12m[48;2;180;85;13m▀[38;2;177;78;2m[48;2;178;80;6m▀[38;2;193;116;67m[48;2;190;110;59m▀[38;2;198;128;88m[48;2;193;119;75m▀[38;2;173;78;8m[48;2;172;78;7m▀[38;2;170;79;12m[48;2;169;77;8m▀[38;2;120;53;6m[48;2;117;52;7m▀[38;2;96;46;14m[48;2;84;44;19m▀[38;2;104;50;15m[48;2;93;49;20m▀[38;2;104;51;16m[48;2;92;49;22m▀[38;2;106;52;17m[48;2;95;51;23m▀[38;2;106;53;17m[48;2;96;52;24m▀[38;2;107;53;17m[48;2;95;51;23m▀[38;2;107;53;16m▀[38;2;108;53;16m[48;2;96;51;22m▀[48;2;94;49;20m▀[38;2;107;51;14m[48;2;98;53;24m▀[38;2;106;50;12m[48;2;98;52;22m▀[38;2;106;51;13m[48;2;84;39;11m▀[38;2;102;48;11m[48;2;78;35;9m▀[38;2;97;45;9m[48;2;76;35;9m▀[38;2;93;43;9m[48;2;71;31;7m▀[38;2;87;40;8m[48;2;65;26;5m▀[38;2;75;34;8m[48;2;68;28;4m▀[38;2;67;24;1m[48;2;93;43;12m▀[38;2;109;44;0m[48;2;114;49;3m▀[38;2;132;57;2m[48;2;134;58;1m▀[38;2;149;67;4m[48;2;151;68;5m▀[38;2;162;76;10m[48;2;161;74;7m▀[38;2;173;82;14m[48;2;172;81;13m▀[38;2;174;77;2m[48;2;176;80;8m▀[38;2;192;115;67m[48;2;183;97;36m▀[38;2;197;129;89m[48;2;185;102;47m▀[38;2;170;74;2m[48;2;171;75;3m▀[38;2;165;80;19m[48;2;165;78;15m▀[38;2;173;115;82m[48;2;172;113;78m▀[39m[49m  [0m
                     [38;2;167;107;67m[48;2;163;103;64m▀[38;2;153;82;35m[48;2;151;81;33m▀[38;2;144;76;31m[48;2;140;73;27m▀[38;2;131;67;25m[48;2;128;65;23m▀[38;2;117;58;20m[48;2;116;57;17m▀[38;2;95;42;8m[48;2;98;43;7m▀[38;2;76;27;0m[48;2;82;31;0m▀[38;2;107;54;24m[48;2;108;57;28m▀[38;2;172;103;58m[48;2;173;105;61m▀[38;2;169;85;26m[48;2;170;89;34m▀[38;2;174;85;20m[48;2;176;92;36m▀[38;2;177;84;15m[48;2;178;92;34m▀[38;2;179;84;13m[48;2;180;92;32m▀[38;2;180;84;12m[48;2;180;91;29m▀[38;2;179;83;11m[48;2;180;91;28m▀[38;2;179;85;17m[48;2;181;93;32m▀[38;2;177;84;17m[48;2;180;95;38m▀[38;2;174;81;13m[48;2;179;95;41m▀[38;2;164;76;13m[48;2;165;82;26m▀[38;2;130;56;6m[48;2;135;63;17m▀[39m[49m          [38;2;102;57;29m[48;2;103;57;29m▀[38;2;68;26;1m[48;2;76;31;3m▀[38;2;66;25;2m[48;2;69;26;0m▀[38;2;71;30;5m[48;2;71;28;2m▀[38;2;64;24;1m[48;2;69;27;1m▀[38;2;62;21;0m[48;2;69;26;1m▀[38;2;72;28;1m[48;2;75;29;0m▀[38;2;109;59;31m[48;2;110;58;28m▀[38;2;124;61;18m[48;2;129;65;22m▀[38;2;137;60;3m[48;2;139;63;6m▀[38;2;155;75;17m[48;2;154;77;23m▀[38;2;164;80;19m[48;2;164;85;33m▀[38;2;171;82;17m[48;2;170;88;32m▀[38;2;175;83;16m[48;2;174;90;33m▀[38;2;173;80;10m[48;2;177;93;36m▀[38;2;173;80;12m[48;2;178;96;41m▀[38;2;172;81;16m[48;2;174;92;37m▀[38;2;167;85;29m[48;2;170;94;46m▀[38;2;173;115;81m[48;2;175;117;85m▀[39m[49m  [0m
                     [38;2;158;99;60m▀[38;2;150;81;34m[48;2;140;78;36m▀[38;2;137;70;24m[48;2;133;68;23m▀[38;2;125;62;19m[48;2;122;59;15m▀[38;2;112;52;12m[48;2;110;50;6m▀[38;2;98;42;4m[48;2;96;41;1m▀[38;2;82;31;0m[48;2;86;34;0m▀[38;2;96;47;17m[48;2;84;37;9m▀[38;2;171;102;59m[48;2;160;94;53m▀[38;2;170;90;35m[48;2;170;90;37m▀[38;2;174;91;35m[48;2;170;89;34m▀[38;2;177;92;35m[48;2;173;90;34m▀[38;2;179;94;37m[48;2;176;91;34m▀[48;2;176;91;33m▀[48;2;176;91;34m▀[38;2;180;95;38m[48;2;176;91;35m▀[38;2;178;95;39m[48;2;174;91;35m▀[38;2;176;93;39m[48;2;173;90;35m▀[38;2;165;83;29m[48;2;165;85;33m▀[38;2;142;70;24m[48;2;148;76;29m▀[39m[49m          [38;2;104;57;29m▀[38;2;82;36;7m[48;2;81;39;11m▀[38;2;70;27;0m[48;2;68;27;0m▀[48;2;69;27;0m▀[38;2;71;28;0m[48;2;71;28;0m▀[38;2;73;28;1m[48;2;73;29;1m▀[38;2;75;28;0m[48;2;74;29;0m▀[38;2;104;52;21m[48;2;91;43;12m▀[38;2;131;66;23m[48;2;128;65;24m▀[38;2;142;68;15m[48;2;140;69;18m▀[38;2;153;76;24m[48;2;150;75;24m▀[38;2;160;82;29m[48;2;156;79;27m▀[38;2;166;85;30m[48;2;162;83;29m▀[38;2;170;88;33m[48;2;166;85;31m▀[38;2;173;90;34m[48;2;169;87;33m▀[38;2;174;92;36m[48;2;170;89;34m▀[38;2;172;90;35m[48;2;169;88;34m▀[38;2;169;94;46m[48;2;166;93;47m▀[38;2;174;115;81m[48;2;164;107;73m▀[39m[49m  [0m
                       [38;2;103;53;20m▀[38;2;92;44;11m▀[38;2;83;36;4m▀[38;2;73;30;1m▀[38;2;68;28;1m▀[38;2;51;18;0m▀[38;2;130;75;41m▀[38;2;165;90;40m[48;2;132;72;33m▀[38;2;167;87;33m[48;2;142;74;29m▀[38;2;169;88;33m[48;2;147;76;28m▀[38;2;172;89;33m[48;2;150;77;27m▀[48;2;151;77;27m▀[48;2;150;77;27m▀[38;2;171;89;34m[48;2;149;76;27m▀[48;2;146;75;27m▀[38;2;169;88;34m[48;2;140;71;25m▀[38;2;157;81;30m[48;2;132;67;24m▀[39m[49m             [38;2;53;22;2m▀[38;2;51;20;0m▀[38;2;52;20;0m▀[38;2;54;21;0m▀[38;2;56;22;0m▀[38;2;64;27;4m▀[38;2;111;57;23m▀[38;2;129;64;20m[48;2;95;46;14m▀[38;2;145;73;24m[48;2;106;51;14m▀[38;2;152;77;26m[48;2;114;56;16m▀[38;2;157;80;28m[48;2;117;57;17m▀[38;2;160;82;30m[48;2;119;59;19m▀[38;2;162;84;31m[48;2;121;60;20m▀[38;2;162;84;32m[48;2;119;60;21m▀[38;2;156;82;33m[48;2;119;61;24m▀[38;2;148;82;41m[49m▀[39m   [0m
                                [38;2;100;49;15m▀[38;2;101;49;15m▀[38;2;104;51;15m▀[38;2;105;52;15m▀[38;2;103;50;14m▀[38;2;98;47;13m▀[39m                                  [0m
                                                                        [0m
                                                                        [0m
